8126
4446
5757
7982
2195
4410
4094
9984
4953
556
9530
787
5433
922
8605
5284
6171
2215
7132
8683
1526
2960
6371
608
6037
8702
6749
112
9172
6520
3613
7206
2803
2050
7389
8015
1562
4714
2971
2751
6265
6562
2300
4717
9246
7552
2544
6174
9113
5234
6067
2962
7888
4344
6143
5907
7259
2740
6816
4182
116
347
3345
5748
6791
8387
4506
6585
7008
88
6718
8948
8086
7739
4033
5832
1600
6290
4133
7729
8713
4906
2945
2616
2917
1112
9692
2468
2688
7895
3560
190
8991
3283
4746
8556
4122
8993
6181
2575
3976
5514
1250
7864
5420
1061
8972
1316
8615
1501
1585
3598
309
7605
2806
2098
7304
2171
411
2213
488
3773
8679
1387
6904
5102
7876
4128
3629
7101
8318
1241
7916
5723
1324
2499
2804
6173
2739
7580
4912
2618
3957
9041
4162
4959
6919
1996
4806
6533
2530
7269
5092
244
8209
1354
9465
2899
2948
990
2895
9164
9025
4890
8737
7353
4538
5581
1949
1588
5297
1573
7055
1444
794
7248
2652
6020
256
1724
5921
6388
9670
4450
7625
3314
5972
4660
1189
5245
8999
2208
2719
1367
4409
2697
9906
148
4211
2325
7752
1685
2470
6779
5803
7195
9508
6948
8551
1177
9137
5588
8428
7357
2701
8093
5461
6757
8816
5943
1021
8670
8853
3367
8498
6354
332
7795
6767
8365
2194
2362
8311
3569
5273
4521
1013
3139
1657
8434
6239
9680
7750
8855
3212
760
4501
2868
6150
8638
9897
1593
896
1171
4497
3383
2609
9466
9541
344
551
1153
79
9438
7352
175
1388
1269
506
4262
8969
8649
6655
1337
8552
5382
7404
2220
1870
2624
4996
3246
247
4175
7713
7119
6167
3145
2892
2459
3404
3389
5446
1038
2323
3007
9640
8050
2096
804
8315
9464
2444
1183
5678
6861
1158
6142
4774
5298
2453
2671
9745
1747
1635
6166
4631
6424
5592
7325
279
8465
7953
5577
7844
7922
6002
1517
692
6584
4426
9990
7775
4380
9272
2423
3916
6231
6886
3909
7192
3835
1214
2140
7318
9267
8829
4942
9274
1892
7229
5449
2746
4605
7077
8285
5563
1302
9430
76
3559
320
3732
7328
762
386
7689
6463
8980
283
6822
5568
7099
4256
5212
5334
6644
2552
3573
9090
5691
2202
4533
8471
8810
663
633
8861
222
4727
3782
7439
5421
9796
9037
2288
5388
9154
7093
7944
3995
5262
3760
2595
9094
4536
4258
1278
9484
5584
3586
555
9175
682
9368
8422
6332
795
8375
4722
9033
5320
9636
6262
2036
6790
1765
6053
1486
2062
7999
4062
4816
2694
9575
5750
645
8538
5237
263
8350
9066
4455
9817
1230
2572
6721
6928
300
5875
6282
5269
5292
6106
6230
1841
7121
1296
8949
375
2813
7831
2235
2822
9810
5646
5223
4048
7785
2060
5983
1849
6256
5459
8641
5559
8468
9667
8671
554
5385
495
7476
2961
9909
9279
4963
230
9416
7582
156
4723
9940
4126
5606
3109
2600
3368
6650
4863
